0000000000100010
0000000001001001
0000000001110010
0000000010011101
0000000011001011
0000000011111010
0000000100101011
0000000101011100
0000000110001101
0000000110111110
0000000111101111
0000001000011101
0000001001001001
0000001001110011
0000001010011011
0000001011000001
0000001011100011
0000001100000100
0000001100100011
0000001100111111
0000001101011001
0000001101110000
0000001110000110
0000001110011001
0000001110101001
0000001110110111
0000001111000000
0000001111000110
0000001111000111
0000001111000100
0000001110111100
0000001110110000
0000001110011110
0000001110000110
0000001101101010
0000001101001000
0000001100100010
0000001011111000
0000001011001011
0000001010011100
0000001001101011
0000001000111001
0000001000000110
0000000111010101
0000000110100101
0000000101110101
0000000101000111
