0000000000000000
0010100100010001
0010100101100000
0010100110110010
0010101000000100
0010101001010111
0010101010011010
0010101011011110
0010101100001110
0010101100101101
0010101100110101
0010101100100110
0010101011101011
0010101010000110
0010100111101111
0010100100110100
0010100001000110
0010011100101100
0010010111100001
0010010001100111
0010001011000110
0010000011111010
0001111100001011
0001110100000101
0001101011101101
0001100011010110
0001011010110011
0001010010100001
0001001010011011
0001000010111000
0000111011110010
0000110101001110
0000101111011001
0000101010011001
0000100110000011
0000100010111101
0000100000100010
0000011110111101
0000011110010111
0000011110100100
0000011111101001
0000100001010101
0000100011100010
0000100110001100
0000101001011000
0000101100110011
0000110000010001
0000110011110010
0000110111001010
0000111010010100
0000111101001111
0000111111110001
0001000001110101
0001000011011010
0001000100011110
0001000101001110
0001000101010110
0001000101001001
0001000100100110
0001000011101101
0001000010101000
0001000001100010
0001000000100011
0000111111101011
0000111110111111
0000111110100111
0000111110100011
0000111110111000
0000111111100110
0001000000101100
0001000010001011
0001000100000111
0001000110001111
0001001000100011
0001001010101101
0001001100110101
0001001110101000
0001010000001010
0001010001001011
0001010001011110
0001010000111010
0001001111010111
0001001100110001
0001001001011011
0001000100100110
0000111110110001
0000110111100111
0000101111011101
0000100110010010
0000011100001100
0000010001010011
0000000101101101
1111111001101101
1111101101010010
1111100000110001
1111010100010011
1111001000000010
1110111100000111
1110110000100111
1110100101101110
1110011011011010
1110010001110010
1110001001000010
1110000001001001
1101111001111101
1101110011101101
1101101110000000
1101101000111110
1101100100100100
1101100000100010
1101011101000001
1101011001100100
1101010110010111
1101010011010001
1101010000000111
1101001100110111
1101001001100000
1101000110001000
1101000010100101
1100111110111001
1100111011001000
1100110111010101
1100110011100101
1100110000001000
1100101101000000
1100101010001101
1100100111111010
1100100110010101
1100100101011111
1100100101101010
1100100110101110
1100101000111100
1100101100000101
1100110000011110
1100110101111011
1100111100101111
1101000100100011
1101001101011001
1101010110111111
1101100001010111
1101101100011011
1101111000000010
1110000011111011
1110001111111110
1110011100000101
1110100111111001
1110110011011110
1110111110100010
1111001000111111
1111010010111000
1111011011111010
1111100100000011
1111101011011000
1111110001110010
1111110111001101
1111111011111011
1111111111110010
0000000011000011
0000000101110001
0000000111110101
0000001001101101
0000001011010110
0000001100110001
0000001110001010
0000001111110001
0000010001100000
0000010011010011
0000010101010111
0000010111101101
0000011010011010
0000011101011000
0000100000100001
0000100011111011
0000100111010111
0000101010111001
0000101110010010
0000110001011001
0000110100010000
0000110110101110
0000111000101110
0000111010001111
0000111011000000
0000111011000000
0000111010010011
0000111000101110
0000110110010101
0000110011010100
0000101111101001
0000101011011101
0000100110110111
0000100001111000
0000011100110011
0000010111100110
0000010010011110
0000001101110010
0000001001011100
0000000101111000
0000000010111111
0000000000111110
1111111111111101
0000000000000000
0000000000111110
0000000011001001
0000000110010111
0000001010100110
0000001111101111
0000010101101110
0000011100011010
0000100011100110
0000101011010010
0000110011001110
0000111011010000
0001000011010100
0001001011000100
0001010010100000
0001011001101001
0001100000001011
0001100110010010
0001101011100111
0001110000011101
0001110100110101
0001111000011001
0001111011100000
0001111110010000
0010000000101011
0010000010110101
0010000100101111
0010000110101010
0010001000101011
0010001010110011
0010001101000101
0010001111101000
0010010010100100
0010010101111011
0010011001101011
0010011101101001
0010100010000111
0010100110110010
0010101011100101
0010110000011100
0010110101001111
0010111001110101
0010111110010000
0011000010001011
0011000101100000
0011000111111010
0011001001100001
0011001010000011
0011001001011111
0011000111110000
0011000100110000
0011000000011110
0010111010111011
0010110100000101
0010101100001010
0010100011000010
0010011000110110
0010001101111111
0010000010010010
0001110101111110
0001101001010100
0001011100010111
0001001111011111
0001000010101100
0000110110000101
0000101001110110
0000011110000110
0000010010110111
0000001000001110
1111111110001001
1111110100111010
1111101100010111
1111100100011011
1111011101000110
1111010110011000
1111010000010000
1111001010011101
1111000100111010
1110111111100111
1110111010100111
1110110101110101
1110110000111111
1110101100000101
1110100111000001
1110100001111101
1110011100101101
1110010111010101
1110010001111111
1110001100101000
1110000111001111
1110000001111010
1101111100101110
1101110111101111
1101110011001011
1101101111000111
1101101011011110
1101101000101000
1101100110011010
1101100101000011
1101100100101000
1101100101000011
1101100110010111
1101101000101011
1101101011110110
1101101111111101
1101110100101011
1101111010000011
1101111111111101
1110000110010100
1110001101000000
1110010011110010
1110011010011011
1110100000111101
1110100111000111
1110101100110110
1110110010000100
1110110110101101
1110111010101000
1110111101111000
1111000000010110
1111000010000010
1111000011001000
1111000011011101
1111000011010001
1111000010100111
1111000001101010
1111000000100001
1110111111001110
1110111101110010
1110111100011101
1110111011010110
1110111010011000
1110111001110100
1110111001100010
1110111001101001
1110111010001001
1110111010101111
1110111011101100
1110111101000010
1110111110010110
1110111111101100
1111000001000001
1111000010001001
1111000011000000
1111000011101000
1111000011101011
1111000011010010
1111000010001111
1111000000100001
1110111110000110
1110111011000101
1110110111011111
1110110011001100
1110101110010100
1110101001001001
1110100011100100
1110011101110110
1110011000000011
1110010010001111
1110001100110011
1110000111110001
1110000011001111
1101111111011000
1101111100011100
1101111010011000
1101111001010010
1101111001010000
1101111010100000
1101111100111011
1110000000100001
1110000101001000
1110001010111110
1110010001101010
1110011001010111
1110100010000000
1110101011000110
1110110100111100
1110111111001010
1111001001100010
1111010011111101
1111011110011110
1111101000110001
1111110010110101
1111111100011100
0000000101101101
0000001110100001
0000010110110000
0000011110001110
0000100101010110
0000101100000001
0000110010010001
0000111000001010
0000111101101101
0001000011001000
0001001000100110
0001001110000010
0001010011101011
0001011001011101
0001011111101110
0001100110010001
0001101101010001
0001110100110010
0001111100100100
0010000100111000
0010001101100100
0010010110101000
0010011111111000
0010101001000110
0010110010001011
0010111011000011
0011000011011101
0011001011001011
0011010010001111
0011011000001110
0011011101001101
0011100001000110
0011100011100011
0011100100100111
0011100100010100
0011100010100110
0011011111101010
0011011011011001
0011010101111101
0011001111010000
0011000111111001
0010111111100000
0010110110100010
0010101101010010
0010100011101000
0010011001111100
0010010000010111
0010000111001011
0001111110010101
0001110101101011
0001101101101110
0001100110010010
0001011111101100
0001011001101101
0001010100011000
0001001111101100
0001001011100110
0001000111111010
0001000100100011
0001000001011001
0000111110011001
0000111011011000
0000111000011010
0000110101010010
0000110001111011
0000101110001100
0000101010001000
0000100101110011
0000100001000010
0000011011111011
0000010110010100
0000010000100000
0000001010100100
0000000100100000
1111111110011001
1111111000011100
1111110010110110
1111101101100001
1111101000110110
1111100100110000
1111100001011000
1111011110110010
1111011101001111
1111011100101100
1111011101001011
1111011110100110
1111100001001001
1111100100100010
1111101000110100
1111101101111011
1111110011101100
1111111001111110
0000000000011001
0000000111000001
0000001101101001
0000010011110111
0000011001100010
0000011110100101
0000100011000010
0000100110100010
0000101001001001
0000101010100100
0000101010110100
0000101001111101
0000100111111011
0000100100110011
0000100000111000
0000011100000100
0000010110011101
0000010000010000
0000001001101110
0000000010110110
1111111011101111
1111110100101111
1111101101110100
1111100111000110
1111100000101110
1111011010110111
1111010101100000
1111010000100011
1111001100000000
1111000111111010
1111000100001001
1111000000101010
1110111101010000
1110111001111000
1110110110011110
1110110010110011
1110101110101110
1110101010001111
1110100101010010
1110011111101100
1110011001011111
1110010010110000
1110001011011000
1110000011011011
1101111011000110
1101110010010010
1101101001001010
1101011111111010
1101010110100111
1101001101100100
1101000100110110
1100111100100001
1100110100111000
1100101101111100
1100101000000011
1100100011000011
1100011111001010
1100011100011111
1100011011000000
1100011010111101
1100011100001011
1100011110100010
1100100010000011
1100100110101001
1100101100000111
1100110010101101
1100111001110111
1101000001100101
1101001001101000
1101010010001001
1101011010110010
1101100011011001
1101101011111011
1101110100010010
1101111100011001
1110000100001001
1110001011101010
1110010010111000
1110011001101011
1110100000001110
1110100110100111
1110101100110011
1110110010111100
1110111001000110
1110111111010110
1111000101111001
1111001100101000
1111010011110001
1111011011011010
1111100011010111
1111101011110011
1111110100110011
1111111110001111
0000001000000100
0000010010001100
0000011100101011
0000100111011011
0000110010010011
0000111100111101
0001000111100100
0001010001101100
0001011011011001
0001100100010111
0001101100101000
0001110100001000
0001111010101000
0010000000000100
0010000100011110
0010000111101101
0010001001101011
0010001010110001
0010001010110011
0010001001110110
0010000111111110
0010000101001011
0010000001110110
0001111101110111
0001111001101011
0001110101000010
0001110000010011
0001101011101010
0001100111001010
0001100011000001
0001011111001000
0001011011100111
0001011000101101
0001010110001101
0001010100011011
0001010011001010
0001010010010110
0001010001111001
0001010001111111
0001010010001111
0001010010100101
0001010011000010
0001010011100001
0001010011110010
0001010011101101
0001010011011011
0001010010101111
0001010001101001
0001010000001001
0001001110001100
0001001011111111
0001001001010111
0001000110100000
0001000011010110
0001000000010100
0000111101001000
0000111010010111
0000110111101100
0000110101101111
0000110100001010
0000110011001011
0000110010111011
0000110011100001
0000110100111100
0000110111010000
0000111010100010
0000111110101100
0001000011101100
0001001001011101
0001010000000001
0001010111000111
0001011110101011
0001100110100011
0001101110100000
0001110110101001
0001111110101010
0010000110010000
0010001101100010
0010010100000010
0010011001110101
0010011110111100
0010100010111011
0010100110000010
0010100111111011
0010101000101011
0010101000001111
0010100110111000
0010100100001110
0010100000101000
0010011100000110
0010010110110111
0010010000111111
0010001010011111
0010000011101100
0001111100101101
0001110101100010
0001101110010110
0001100111001100
0001100000010011
0001011001110011
0001010011100010
0001001101100110
0001001000000100
0001000010101100
0000111101101000
0000111000101000
0000110011101100
0000101110100100
0000101001001111
0000100011101000
0000011101100110
0000010110111110
0000001111101101
0000000111110100
1111111111001011
1111110101101111
1111101011100001
1111100000101101
1111010101001110
1111001001001100
1110111100101111
1110110000000010
1110100011001101
1110010110010001
1110001001101101
1101111101011100
1101110001101011
1101100110101011
1101011100101100
1101010011100001
1101001011011101
1101000100100001
1100111110110101
1100111010100001
1100110111011100
1100110101100001
1100110100111100
1100110101011111
1100110111000101
1100111001011011
1100111100101001
1101000000101001
1101000101000001
1101001001110101
1101001110111000
1101010100000110
1101011001010011
1101011110011101
1101100011001101
1101100111110110
1101101100000101
1101101111111001
1101110011100011
1101110110111000
1101111001111100
1101111100110110
1101111111100110
1110000010010101
1110000101001010
1110001000001011
1110001011010110
1110001111000010
1110010011000100
1110010111011101
1110011100011101
1110100001111010
1110100111110010
1110101110000111
1110110100111001
1110111011111110
1111000011010001
1111001010101101
1111010010010000
1111011001010110
1111100000011011
1111100111001000
1111101101011000
1111110010110110
1111110111101100
1111111011101110
1111111110111101
0000000001000101
0000000010001111
0000000010011011
0000000001110011
0000000000001010
1111111101100111
1111111010100001
1111110110110011
1111110010010111
1111101101100011
1111101000100100
1111100011100011
1111011110100101
1111011001110010
1111010101010000
1111010001001000
1111001101110011
1111001010111100
1111001000110001
1111000111011101
1111000110101100
1111000110101010
1111000111010101
1111001000101011
1111001010101000
1111001101000001
1111001111101101
1111010010101011
1111010101111011
1111011001000111
1111011100001101
1111011111010000
1111100001111100
1111100100011111
1111100110101011
1111101000100001
1111101010000111
1111101011010110
1111101100011100
1111101101010011
1111101110000100
1111101110111101
1111101111111110
1111110001001111
1111110010110010
1111110100111111
1111110111110111
1111111011100000
1111111111111110
0000000101100000
0000001011101110
0000010011000111
0000011011010011
0000100100011101
0000101110100000
0000111001001111
0001000100100111
0001010000100100
0001011100111011
0001101001100100
0001110101111101
0010000010010100
0010001110010101
0010011001111110
0010100101000101
0010101111000111
0010111000010101
0011000000101001
0011000111110001
0011001101101111
0011010010101111
0011010110101000
0011011001011100
0011011010111111
0011011011100011
0011011011010101
0011011010010001
0011011000100010
0011010110001010
0011010011011010
0011010000010010
0011001100111100
0011001001010101
0011000101101111
0011000010001011
0010111110010101
0010111010110101
0010110111001111
0010110011101110
0010110000001100
0010101100100101
0010101000111000
0010100100111101
0010100000110001
0010011100001111
0010010111001101
0010010001101011
0010001011100000
0010000100100010
0001111101000110
0001110100101010
0001101011101010
0001100001111001
0001010111100011
0001001100100010
0001000001000011
0000110101001101
0000101001001000
0000011100111000
0000010000110010
0000000100111000
1111111001010110
1111101110010001
1111100011111001
1111011010011111
1111010001111110
1111001010010100
1111000011110100
1110111110011110
1110111010000100
1110110110101110
1110110100010111
1110110011000001
1110110010100100
1110110010110010
1110110011100101
1110110100111000
1110110110101000
1110111000011100
1110111010001110
1110111100000101
1110111101101111
1110111110111100
1110111111111100
1111000000101111
1111000000111100
1111000000110001
1111000000001110
1110111111010101
1110111110001011
1110111100110000
1110111011001010
1110111001100010
1110111000000000
1110110110101010
1110110101100011
1110110100110100
1110110100100010
1110110100101000
1110110101011001
1110110110101100
1110111000100001
1110111010110011
1110111101101001
1111000000110000
1111000100001011
1111000111101100
1111001011011010
1111001110111101
1111010010001111
1111010101010101
1111010111111101
1111011001110101
1111011010111001
1111011011010111
1111011011000000
1111011001100111
1111010111011000
1111010100000111
1111001111110000
1111001010101010
1111000100101110
1110111110000101
1110110110101001
1110101110101110
1110100110011100
1110011101110100
1110010101001000
1110001100101100
1110000100001110
1101111100010001
1101110100110100
1101101101110111
1101100111100100
1101100010000011
1101011101011011
1101011001100001
1101010110011111
1101010100010110
1101010011000011
1101010010010110
1101010010011011
1101010011000111
1101010100001001
1101010101100110
1101010111010100
1101011001010001
1101011011010101
1101011101011011
1101011111010001
1101100001000011
