0001000101101010
0001001100100010
0001010001110111
0001010111000001
0001011011011100
0001011110110110
0001100001011111
0001100001001111
0001100010011010
0001100011001111
0001100000001111
0001011100110111
0001011000010001
0001010100101100
0001001111111010
0001001010101101
0001000100111110
0001000001011101
0000111101000011
0000111000000111
0000110011111010
0000101111100110
0000101100000101
0000100101100101
0000100000011011
0000011010111000
0000010011010110
0000001010110111
0000000001010000
1111111010001000
1111110001000111
1111100111000001
1111011100010010
1111010000110010
1111000111000110
1110111101001000
1110110011101111
1110101011011001
1110100101110110
1110100010010001
1110011101110010
1110011011110110
1110011011000001
1110011101101000
1110011111100110
1110100000100100
1110100100001010
1110100101100110
1110100111010011
1110100111110101
1110101000010111
1110100111100001
1110100100111000
1110100000110010
1110011001101100
1110010011111101
1110001101110001
1110000110000001
1101111110110111
1101110111011010
1101101101101110
1101100110010100
1101011111110101
1101011010000001
1101010101100001
1101010011001100
1101010000111111
1101010000111010
1101010000100000
1101010100011000
1101011000000010
1101011010101011
1101011111000111
1101100111010001
1101110000110100
1101111010110100
1110000101001100
1110001101111100
1110011010011011
1110100110101000
1110110011100101
1111000000011000
1111001110110111
1111011101011000
1111101101000000
1111111011010100
0000001001001000
0000010011101000
0000011110011011
0000100111100000
0000101110010100
0000110011001000
0000110101101010
0000110100001110
0000110000010000
0000101001000110
0000100000010101
0000010100110000
0000001010100110
1111111110110111
1111110001001110
1111100010100100
1111010101001100
1111001010001000
1110111111101101
1110111000100001
1110110011101011
1110101111101011
1110101101111110
1110110000110110
1110110010011110
1110111001100111
1111000010001000
1111001001000000
1111010001100011
1111011011000011
1111100011011111
1111101011101010
1111110010011001
1111110110011010
1111110111100000
1111111001011010
1111111000000010
1111110100101010
1111101101100101
1111100100111011
1111011011101100
1111010010010110
1111001010100011
1111000001000001
1110110110111110
1110101101110001
1110100110111110
1110011111101100
1110011001110111
1110010101111101
1110010100101101
1110010111000000
1110011100011011
1110100001100000
1110101000111011
1110110000111101
1110111001111111
1111000100000000
1111001111100000
1111011001111111
1111100011111001
1111101101000100
1111110110010001
1111111101000000
0000000011100111
0000001000011100
0000001100111011
0000001111100111
0000010001100100
0000010011010000
0000010010100110
0000001111100000
0000001101011110
0000001001101011
0000000011110000
0000000000100001
1111111010011010
1111110011100101
1111101110011100
1111101000111000
1111100010010001
1111011011000010
1111010101001001
1111001110010010
1111001010111100
1111000101111010
1111000000110010
1110111111001000
1110111111100110
1110111111101011
1111000000010011
1111000000111111
1111000011010100
1111000100011000
1111000111011101
1111001101010011
1111010010001100
1111010111110011
1111011110100000
1111100011001100
1111100111100001
1111101100100011
1111110000100011
1111110101001001
1111111010110001
1111111101110000
0000000001110101
0000000100001000
0000000101010010
0000000111001000
0000000111000001
0000000110111100
0000000110110101
0000000101100010
0000000010101001
1111111110110111
1111111100000011
1111111000110010
1111110010110011
1111101011001110
1111100011100011
1111011101110101
1111010110100111
1111001110100010
1111001000010011
1111000011011001
1110111111101011
1110111011100010
1110111011000100
1110111100010111
1110111110100110
1111000011001010
1111001001100011
1111010010111111
1111011101011010
1111101010001101
1111111000101000
0000000111100000
0000010110000011
0000100010101100
0000110000100110
0000111111100010
0001001011100010
0001010111010000
0001100010101011
0001101011011100
0001110010111010
0001111000001001
0001111011100000
0001111101010010
0010000001010000
0010000011000001
0010000010100101
0010000001110100
0001111111010000
0001111101001111
0001111000101111
0001110100110011
0001110000000110
0001101010111011
0001100010011101
0001011100001010
0001010100101001
0001001101000100
0001000100110001
0000111011001100
0000110001101001
0000101000111010
0000100000000101
0000010111000001
0000001110111101
0000001000100100
0000000000100010
1111111100100010
1111111001010100
1111110100101010
1111110000100010
1111101100110000
1111101011111101
1111101001100110
1111101010000101
1111101010110100
1111101100011100
1111101100101010
1111101101111111
1111110000000100
1111110001100100
1111110011001011
1111110101000011
1111110110010011
1111111001111100
1111111011100010
1111111101100010
0000000000100111
0000000001010000
0000000100011111
0000000111010101
0000001001101101
0000001010110111
0000001011101010
0000001100111001
0000001100110001
0000001100111101
0000001100111000
0000001100101000
0000001100100000
0000001010100110
0000001010000100
0000001001110101
0000001100011011
0000001100000100
0000010000100101
0000010011000101
0000011000101011
0000011110111100
0000100101101111
0000101111101110
0000111000100101
0001000000011001
0001000111111111
0001010011101000
0001011011101011
0001100010001010
0001101001100001
0001101111001100
0001110010010001
0001110111010101
0001111010110010
0001111101001101
0001111101101101
0001111110100110
0001111100011111
0001111011101100
0001111001000110
0001110111110011
0001110100111000
0001110010010110
0001101100010010
0001100110100110
0001100000001001
0001011001100100
0001010000110001
0001000111011001
0000111010001110
0000101101101001
0000100010010010
0000010010101001
0000000010010101
1111110011101010
1111100110011101
1111011000111010
1111001100010111
1110111110011111
1110110100101010
1110101011010011
1110100100001000
1110011101010100
1110011000111010
1110010110010011
1110010100111110
1110010101100000
1110011000101111
1110011011000100
1110011110010100
1110100001010011
1110100100011010
1110101000110110
1110101010010001
1110101100001010
1110101101101101
1110101111011101
1110101111000110
1110110000010110
1110101111110000
1110101110000000
1110101011100110
1110101011011111
1110100111111000
1110100101110000
1110100011000110
1110100000111011
1110011110001011
1110011100010010
1110011010001011
1110011001101111
1110011000011011
1110010111001000
1110010110000110
1110010110111010
1110011000000111
1110011010001110
1110011101010110
1110011111011001
1110100101101100
1110101100001000
1110110100001101
1110111010111010
1111000011110010
1111001011111101
1111010011000111
1111011010001100
1111100000011011
1111100101010100
1111101101000001
1111110000000101
1111110011001110
1111110010111100
1111110100111010
1111110010111101
1111110010010101
1111110001011000
1111101101111101
1111101100000000
1111101011000010
1111101100010101
1111101110000000
1111110000001101
1111110010001000
1111110110101010
1111111100000101
0000000011100001
0000001000110000
0000001110001001
0000010010111010
0000010110111101
0000011001000100
0000011000111010
0000011000010110
0000010111001111
0000010010011010
0000001010100111
0000000001000110
1111110110011011
1111101001001110
1111011011001110
1111001100111001
1111000000100000
1110110100001000
1110100111010000
1110011101110110
1110010101010110
1110001111001011
1110001100100000
1110001011100111
1110001011011100
1110001111010110
1110010100110011
1110011100010010
1110100101010110
1110101111111110
1110111010101100
1111000100110100
1111001110000100
1111011000100000
1111011110000000
1111100101100110
1111101010001010
1111101101101001
1111101110111000
1111101111011011
1111101101010110
1111101000110011
1111100101000010
1111011111011000
1111010111001001
1111001100100000
1111000011001101
1110111001110110
1110101111110101
1110100111010110
1110011110101110
1110010110010010
1110010001000001
1110001011110001
1110001000011010
1110000101111001
1110000110010000
1110000111111111
1110000111010100
1110001001010101
1110001011111100
1110010000001100
1110010101110010
1110011010110011
1110100000001010
1110100100101010
1110101000000000
1110101001101010
1110101001110011
1110101001010010
1110100111000101
1110100100101111
1110100001110011
1110011010110010
1110010101101101
1110001111000110
1110000111100100
1110000001111000
1101111100011110
1101110110001110
1101110010010100
1101110000000001
1101110000111100
1101110011001111
1101110101110011
1101111110010111
1110000110011101
1110010000010000
1110011101110010
1110101011111101
1110111011110111
1111001100011110
1111011011110010
1111101001111010
1111110111001110
0000000100111100
0000010010001001
0000011101100111
0000100100101101
0000101100010100
0000110000100001
0000110001100101
0000110000101111
0000101111000000
0000101011010010
0000100100101101
0000011110101001
0000011000111000
0000010010001110
0000001101110000
0000001000011001
0000000011101000
0000000000011101
1111111110100000
1111111011101000
1111111011100000
1111111011101110
1111111100111010
1111111101011011
1111111110010001
0000000001101111
0000000010000100
0000000010000111
0000000000000010
0000000000010011
1111111111100001
1111111110100011
1111111110000011
1111111001010101
1111110101010010
1111110001111100
1111101111101011
1111101100110101
1111101000101111
1111100110011100
1111100110001000
1111100101000000
1111100011000100
1111100101001101
1111100101001001
1111100100101010
1111100101101000
1111100110110011
1111101001010110
1111101011110011
1111101110001011
1111101111111100
1111110000001011
1111110000001000
1111110010101101
1111110001101111
1111110000111100
1111110000011001
1111101111101011
1111101100101100
1111101001100111
1111100100111111
1111011111111010
1111011010011111
1111010011000001
1111001011101111
1111000010111110
1110111011011000
1110110001100000
1110101000001110
1110011111001010
1110010110101001
1110001101001111
1110000101111101
1110000000101001
1101111100000111
1101110110011100
1101110101100011
1101110100101101
1101110110011000
1101111000110111
1101111100111111
1110000011011011
1110001001111010
1110010001010101
1110011001110101
1110100010011111
1110101011101000
1110110100101010
1110111100100001
1111000110011111
1111001101111111
1111010011101010
1111011011101101
1111100000001010
1111100100000111
1111101000001010
1111101011001011
1111101101100001
1111110000100110
1111110011111111
1111110101100110
1111110111100110
1111111010001001
1111111011110100
1111111100111001
0000000000011100
0000000010100101
0000000100111100
0000001000000100
0000001011100010
0000001111110111
0000010111101011
0000011110101110
0000100101110110
0000110000101011
0000111010011100
0001000100100011
0001001111111011
0001011101000101
0001100111001111
0001110011010100
0001111100011011
0010001000100000
0010001111110100
0010010111000100
0010011010100100
0010011110001101
0010011111000011
0010011110110111
0010011100000100
0010010110110101
0010001101100100
0010000010100110
0001110111101111
0001101100011101
0001011111110111
0001010010000011
0001000010101111
0000110100011101
0000101000001000
0000011010001010
0000001101100011
0000000001000111
1111110100011011
1111101001000000
1111011111111001
1111010110000001
1111001101101010
1111000101001110
1110111100010011
1110110011011011
1110101011011110
1110100011011011
1110011110010000
1110011000100011
1110010101000110
1110010001101001
1110010010000101
1110010010101111
1110010101010101
1110011010011010
1110100010100101
1110101100101010
1110111001011010
1111000110010001
1111010101000111
1111100101111101
1111111000111111
0000001001010111
0000011010001000
0000101010111100
0000111011101101
0001001100101100
0001011001101011
0001100110001100
0001101111001111
0001110101111101
0001111000110110
0001111010000011
0001111001001000
0001110100001000
0001101110001000
0001100110010001
0001011100001101
0001010000010001
0001000010111000
0000110100010110
0000101000001010
0000011011110111
0000001111111011
0000000100101001
1111111000101110
1111101111010111
1111101010010011
1111100110110101
1111100101100000
1111100101000100
1111101000011010
1111101100110101
1111110100010000
1111111110000101
0000001000110100
0000010011010111
0000011110011100
0000101000011101
0000110011111111
0000111110101111
0001001000111001
0001001111010110
0001010110001011
0001011100101000
0001011111010101
0001011111111010
0001011110101110
0001011100110001
0001011010111111
0001010111011011
0001010001111111
0001001100001100
0001001000001100
0001000101011010
0001000001101111
0000111101110111
0000111011010110
0000111011010101
0000111011100001
0000111100011001
0001000001111101
0001000110111011
0001001101011110
0001010100110011
0001011100001000
0001100010110101
0001101010100100
0001110010101011
0001111000110101
0001111110101011
0010000001001000
0010000000100110
0001111111011101
0001111011101110
0001110101001000
0001101111001010
0001100111010100
0001011101100001
0001010011010100
0001000111100100
0000111101000101
0000110000110000
0000100100100001
0000011001111011
0000001111000010
0000000110101100
1111111111110110
1111111010101100
1111110111011001
1111110100011110
1111110001100111
1111101111111101
1111101111101101
1111110001101111
1111110001000101
1111110001001010
1111110001101010
1111110000101011
1111101101011100
1111101011011011
1111100111011110
1111100100011010
1111100000010100
1111011010001111
1111010010100001
1111001110000101
1111001010000010
1111000101000110
1110111111000110
1110111011011011
1110111001100101
1110110101101101
1110110101111000
1110110011100100
1110110011111110
1110110101111011
1110110111000101
1110111000111001
1110111010000000
1110111100001010
1110111101001011
1111000001010110
1111000110001111
1111001010001000
1111001110001000
1111010100011011
1111011001000101
1111011101111001
1111100100000000
1111101000110100
1111101110100110
1111110011001000
1111111000101110
1111111110101000
0000000000111111
0000000100101001
0000000100110110
0000000101010001
0000000011110011
0000000001010100
1111111111110010
1111111101100110
1111111001100100
1111110110011101
1111101111110110
1111101100000001
1111101001001000
1111100110101100
1111100101000101
1111100101001000
1111100101110111
1111100111010000
1111101001001110
1111101100110110
1111110001010110
1111110110100000
1111111011001000
0000000000010001
0000000100000101
0000001000011110
0000001010000111
0000001010111100
0000001110000010
0000001110110110
0000001110001111
0000001011111110
0000001010000010
0000001001011100
0000000111110011
0000000110100101
0000000110100000
0000000111100000
0000000111001010
0000000101010011
0000000101010111
0000000101011000
0000000101101000
0000001000001010
0000000111011101
0000000110110010
0000000101000100
0000000001101000
1111111101110011
1111111001111100
1111110100000110
1111110001010111
1111101011100111
1111100101100111
1111011111110011
1111011010101100
1111010110001001
1111010001101001
1111010000011101
1111001111100001
1111010000010100
1111010100111011
1111011011000110
1111100010110100
1111101011111011
1111110110001010
0000000010101001
0000010000101010
0000011111100100
0000101111001110
0000111101101110
0001001101010111
0001011010110001
0001100111001111
0001110001110000
0001111010110110
0010000010001110
0010001001000100
0010001010110101
0010001000001010
0010000100101011
0010000000111011
0001111000011001
0001101110111010
0001100001110110
0001010100001010
0001000100101000
0000110001001000
0000011101110011
0000001001101001
1111111000100101
1111100101110101
1111010011011100
1111000010001011
1110110000011100
1110100011001111
1110010100000110
1110001001111100
1110000010011010
1101111100001001
1101110101011000
1101110001111001
1101110000001001
1101110000101110
1101110011001101
1101110101010100
1101111010101010
1110000001000100
1110001000010100
1110001100000011
1110010010000110
1110010111001001
1110011100111011
1110100010010001
1110100101110011
1110101010001001
1110101101010100
1110110000011111
1110110010010110
1110110101011000
1110110111101000
1110111000110101
1110111001111111
1110111101000100
1111000000100011
1111000011010100
1111000111010110
1111001010101001
1111001100011001
1111010001011001
1111010101111001
1111011001000011
1111011100110001
1111100000110100
1111100100010100
1111100111001110
1111101010101101
1111101100010011
1111110000011001
1111110011001100
1111110111001110
1111111001101101
1111111101001111
0000000000111000
